f(x) = -0.101428571427611*x**2 + 0.700071428569227*x + 0.401400000001252
f(x) = -0.454870129870137*x**2 - 0.0189372294372225*x + 1.00101212121212
f(x) = -0.490928571429776*x**2 + 1.54359000000337*x - 0.213365428573762
f(x) = 0.750000000000032*x**2 + 0.919999999999974*x + 1.002