f(x) = -0.101428571428575*x**2 + 0.700071428571438*x + 0.401399999999995
f(x) = -0.45487012987013*x**2 - 0.0189372294372288*x + 1.00101212121212
f(x) = -0.490928571428566*x**2 + 1.54358999999998*x - 0.213365428571414
f(x) = 0.749999999999999*x**2 + 0.920000000000001*x + 1.002