Estimativa pelo metodo de Euler:
x: 0.0, y: 1.0
y_exato: 1.00000000000000
Erro: 0%
x: 0.5, y: 5.25
y_exato: 3.21875000000000
Erro: 63.11%
x: 1.0, y: 5.875
y_exato: 3.00000000000000
Erro: 95.83%
x: 1.5, y: 5.125
y_exato: 2.21875000000000
Erro: 130.99%

