x[0] = 2.7586199417917965
x[1] = 2.3103441551260007
x[2] = 1.4137928193835596

x[0] = 3.6585366322533637
x[1] = 12.19512192442665
x[2] = 0.0

