f(x) = -1267.63668430338*x**9 + 5877.97619047632*x**8 - 11554.2328042331*x**7 + 12565.9722222225*x**6 - 8280.43981481504*x**5 + 3405.19097222233*x**4 - 867.439704585567*x**3 + 131.18561507937*x**2 - 10.5359920634925*x + 0.960000000000016
f(x) = -1.51365079365079e-22*x**7 + 2.02755555555555e-18*x**6 - 1.05728888888889e-14*x**5 + 2.69655555555555e-11*x**4 - 3.42985555555555e-8*x**3 + 1.90918888888889e-5*x**2 + 0.00309780952380953*x - 0.680000000000001
f(x) = -2.88423018566641e-17*x**9 + 5.67072843708837e-16*x**8 - 4.66641716449492e-15*x**7 + 2.08701111947818e-14*x**6 - 5.51049175425946e-14*x**5 + 0.0200000000000872*x**4 + 0.00999999999991993*x**3 + 0.0200000000000384*x**2 + 0.00999999999999275*x