f(x) = 79.9999999996621*x**6 - 553.33333333101*x**5 + 1591.66666666002*x**4 - 2437.14999998989*x**3 + 2094.92033332469*x**2 - 957.896666662732*x + 182.792999999255
f(x) = 104.166666666676*x**8 - 329.365079365112*x**7 + 425.694444444488*x**6 - 289.305555555587*x**5 + 110.579861111123*x**4 - 23.4263888888916*x**3 + 2.00152777777807*x**2 - 0.101476190476203*x + 1.0
f(x) = 0.0458333333335623*x**4 - 0.284166666667957*x**3 + 0.16154166666938*x**2 + 0.885441666664141*x + 0.032890000000878
f(x) = -1.09287578986539e-14*x**4 + 0.208333333333349*x**3 + 0.499999999999994*x**2 + 0.991666666666667*x + 1.0