x[0] = 2.7585706304205315
x[1] = 2.3102860122216917
x[2] = 1.4137634900129648

x[0] = 3.6585369952780264
x[1] = 12.195122834985114
x[2] = 4.631218959932287e-07

