f(x) = 79.9999999998108*x**6 - 553.333333329414*x**5 + 1591.66666665813*x**4 - 2437.14999999059*x**3 + 2094.9203333254*x**2 - 957.89666665555*x + 182.792999998201
f(x) = 104.166666666642*x**8 - 329.365079364926*x**7 + 425.694444444399*x**6 - 289.30555555554*x**5 + 110.579861111112*x**4 - 23.426388888885*x**3 + 2.00152777777868*x**2 - 0.101476190476171*x + 1.0
f(x) = 0.045833333333178*x**4 - 0.284166666661804*x**3 + 0.161541666663652*x**2 + 0.885441666667248*x + 0.0328899999988153
f(x) = 2.8421709430404e-14*x**4 + 0.208333333333258*x**3 + 0.500000000000032*x**2 + 0.991666666666665*x + 1.0