f(x) = -1267.63668430349*x**9 + 5877.97619047698*x**8 - 11554.2328042345*x**7 + 12565.9722222241*x**6 - 8280.43981481659*x**5 + 3405.19097222318*x**4 - 867.439704585691*x**3 + 131.185615079374*x**2 - 10.5359920634937*x + 0.960000000000077
f(x) = -1.51365079365082e-22*x**7 + 2.02755555555549e-18*x**6 - 1.05728888888889e-14*x**5 + 2.69655555555556e-11*x**4 - 3.42985555555539e-8*x**3 + 1.90918888888882e-5*x**2 + 0.0030978095238097*x - 0.679999999999939
f(x) = -6.93889390390723e-18*x**9 - 1.33226762955019e-15*x**8 + 6.88338275267597e-15*x**7 - 7.28306304154103e-14*x**6 + 4.9737991503207e-14*x**5 + 0.0199999999998433*x**4 + 0.00999999999984524*x**3 + 0.0199999999999783*x**2 + 0.0100000000000229*x