x[0] = 2.7586206896551726
x[1] = 2.310344827586207
x[2] = 1.4137931034482758

x[0] = 3.658536585365853
x[1] = 12.19512195121951
x[2] = -2.220446049250313e-16

