Estimativa pelo metodo de Euler Modificado:
x: 0.0, y: 2.0
y_exato: 2.00000000000000
Erro: 0%
x: 1.0, y: 6.217298790565081
y_exato: 6.19463137720937
Erro: 0.37%
x: 2.0, y: 14.940738506556901
y_exato: 14.8439219076465
Erro: 0.65%
x: 3.0, y: 33.941153537925544
y_exato: 33.6771717679682
Erro: 0.78%

